TankStorm v0.9 经济审计（VIP0、无科技）
同阶段：指挥中心、资源建筑、仓库与战车解锁工厂同级。筹料从零库存开始，五资源并行自产；不计战役/采矿奖励，不含核心掉落。
单位：分钟；每批100辆。资金曲线审核上限为筹料不超过2.5个原始生产周期。
名称 | 解锁等级 | 筹料 | 生产 | 修理筹料 | 修理 | 仓储
轻型坦克 | 1 | 16.67 | 8.33 | 15.00 | 8.33 | 30000
轻型歼击车 | 1 | 22.50 | 10.00 | 15.00 | 8.33 | 30000
轻型自行火炮 | 1 | 27.00 | 11.67 | 15.00 | 8.33 | 30000
轻型火箭车 | 1 | 30.00 | 15.00 | 15.00 | 8.33 | 30000
中型坦克 | 6 | 23.81 | 16.67 | 14.29 | 16.67 | 68633
中型歼击车 | 6 | 32.14 | 20.00 | 14.29 | 16.67 | 68633
中型自行火炮 | 6 | 38.57 | 23.33 | 14.29 | 16.67 | 68633
中型火箭车 | 6 | 42.85 | 30.00 | 14.29 | 16.67 | 68633
重型坦克 | 12 | 29.31 | 33.33 | 11.73 | 33.33 | 185278
重型歼击车 | 12 | 39.57 | 40.00 | 11.73 | 33.33 | 185278
重型自行火炮 | 12 | 47.49 | 46.67 | 11.73 | 33.33 | 185278
重型火箭车 | 12 | 52.76 | 60.00 | 11.73 | 33.33 | 185278
豹式坦克 | 14 | 39.21 | 50.00 | 29.05 | 33.33 | 257981
追猎者歼击车 | 14 | 52.94 | 56.67 | 29.05 | 33.33 | 257981
野蜂自行火炮 | 14 | 63.61 | 63.33 | 29.05 | 33.33 | 257981
冰雹火箭车 | 14 | 70.58 | 76.67 | 29.05 | 33.33 | 257981
天启坦克 | 16 | 43.71 | 66.67 | 26.98 | 41.67 | 359212
猛虎歼击车 | 16 | 59.09 | 73.33 | 26.98 | 41.67 | 359212
黑豹自行火炮 | 16 | 70.91 | 80.00 | 26.98 | 41.67 | 359212
尖啸火箭车 | 16 | 78.68 | 93.33 | 26.98 | 41.67 | 359212
虎王坦克 | 18 | 48.39 | 83.33 | 24.06 | 50.00 | 500167
萤火虫歼击车 | 18 | 65.33 | 90.00 | 24.06 | 50.00 | 500167
猛犸自行火炮 | 18 | 78.44 | 96.67 | 24.06 | 50.00 | 500167
怒狮火箭车 | 18 | 87.11 | 110.00 | 24.06 | 50.00 | 500167
虎II坦克 | 20 | 51.51 | 100.00 | 20.86 | 58.33 | 696433
黑鹰歼击车 | 20 | 69.56 | 106.67 | 20.86 | 58.33 | 696433
T90自行火炮 | 20 | 83.51 | 113.33 | 20.86 | 58.33 | 696433
飓风火箭车 | 20 | 92.72 | 126.67 | 20.86 | 58.33 | 696433

基地等级 | 铁/油/铅/钛/晶每小时 | 仓储 | 下一HQ筹料/施工 | 本级科研筹料/研究
1 | 7200/4800/4000/0/1200 | 30000 | 1.33/0.50 | 1.50/0.50
6 | 15122/10081/8401/3780/2520 | 68633 | 3.81/1.86 | 4.29/3.00
12 | 36844/24563/20469/9211/6140 | 185278 | 9.64/8.96 | 3.52/6.00
16 | 66711/44474/37062/16677/11118 | 359212 | 17.56/25.59 | 2.59/8.00
20 | 120790/80527/67106/30197/20131 | 696433 | 满级 | 1.79/10.00

结论边界：常规单线发展可自给；同时满速运行多座工厂、持续高VIP提速需要升级资源建筑、经济科技或采矿。核心仍需副本，金币不由资源建筑产出。
